466
11111111. 16, 1. 188.
1111368111. 888.

11131118, wife 61 (161πὶ1, 1. 818. ·
Turketil, 1. 178.

.......... 118611, 1. 188.

1111611111, Stephon 86, 111161, 1. 184.
Turphyn. 866 Torfyn.
1116111111111611, 11. 188.

11116111, John, 11. 414.

11111116. 86, justice in eyn, 11. 108,114,
118, 1211114, 188, 115, 881.

1111611111, rmus, 1861161661, 1. 851.

, 1161816111. 848.

Twisoledeweyo, 11. 800.

1111618, Sir John (1181118 de, 11. 148.

1111110116, 1. 166. ’

1186111166 61616.,1. 848.

11186116, 1. 888181.

’1161161 meis, 11166, 1. 184111. 148,
158. ’

’1111161166(01186811661011611161111616),
1. 16, 11, 66, 664, 616, 666, 661, 466-4,
464;1166,161-166, 144, 146, 666,
88541858.

.........,6611116161,11.88.

.......... granta of 16118 61, 1. 488-4, 484,
11. 188-5, 144, 148. Sec 6116 ’1116861-
ingdone. ’

Ἦ,

1181, minister, 1. 801, 818.
118618, 11681. 86, justice of 1161618, 1.
258.
1111168, 81116, 1. 807.
uhtred, 86116, 1. 808, 811.
11166161, prim, 1. 888.
11111118, Peter, 1. 186.
11161118, John, 1. 188.
818618611688611, 1. 188.
.........,1161.,1.188.
1116118, 18861, 1. 188.
Upehalle. See Uppehulle.
Upintoun, 11611181, 1. 188.
1161611116, Geoffrey, 1. 150.

mum.

Uppehullo-oont.

.......... Η6111.108,110.

.......... Margum. 1503 11. 174-5.

.........,1)6161,1. 174.

........., Βία, 1. 1503 11. 1⁷³4.

Urdlqe, 1. 8, 488.

.......... 1161611 86, 11. 888. Soc 1166
1111181616.

1116, Wm. 86, 11. 408.

11111, 81116, 1. 811.

111611, 86116, 1. 808.

V.

16161611, 1111611 86, 11. 404.

Vale, (111611, 1. 448.

.......... Hubert, 1. 448.

mmm, John,1.⁴u9·

......,1161611,1.448.

.........,1161)611, 1. 448.

1781111816, 8411111 la, 1. 128.

166611, 1116. 16,1. 188.

vasconia, 866 11166611.

1611111116. 16, 11. 88.

061181,1ο1116, 11. 108.

1761111116, 11. 888, 888, 188187.

176661, Eume 86, 11. 818.

Vesta, bull 81168, 1. 888, 870, 874.

Vicit, Baymund de,'1ean of 116116, 166861
61Ρ1111611 6118 11611816, 1. 7, 8, 410, 417,
428, 419 3 11. 880, 888.

1716611611 1111116611411-1.

1161116111, 11., son of W„ 1. 88.

1116811616, in 116166, 11. 418.

1111881611, 1. 188.

1116111161, 1. 441.

16166111, 1161, 1. 140.

vincentius, 1. 140.

.......... 1166-61611866661 61 1111161116, 1.
444

1111111816, Agatha 16, 1. 1811 11. 888.
. Vis 61111116, Wm. le, 1. 185, 188, 181. “
viterbo, document 81168, 1. 881.

1111161116, Roget le, 1. 188.
1111161111, 11. 800.

 

