488

816616, river, 1. 111.

5166161616, 1. 3. ο

Swenvyne, 1. 453.

8661616, 6. 273.

866666, 16, 11. 352.

866661633611. 235-3, 278-31.

8666613166. 16, 11. 173, 174, 175, 176.

.......... 1661616116 66116, 11. 176, 177.

36166661. 16, 11666, 666, 666666, 666,
411;61,11.

.......... 111166 61, 11. 17.

.......... G„ 666166 os, 1. 11; 11. 16, 17.

8611166116166 of winchester, 1. 237,
666, 666.

§magunum »

8116616661. 866 sifrewast.

Sygefieh, 61161, 1. 313.

Symondeshergh, Rie. 16 116611166666,
rector of, 11. 413.

81666666111616, 1. 152.
syrmate, 11. 82.
syvam, 1166, 1. 134.
.........,1116.,1. 164.
synart, 11611116, 11. 340.

Τ.

1611166. 866 16311116.

16166616, river, 1. 273.

166666, John 16,11. 112, 113.

1666661116. le, 1. 126, 131.

1611, 1. 303.

166616611. 1611611666, 6661166666 61,
11. 18.

16661661, Sewy, 1. 12 ; 11. 42, 46, 45, 43.

16611116, 1661116, 6616111116 :

.......... 0666616161.117,131; 11. 166.

......... , (1111661161. 121.

.........,Η66.16,1.128,132; 11. 153.

.......... 31111666 16, 1. 130.

,6116166166

.......... 1161611161. 8, 125, 438.

.........,1116.16,1. 130.

INDEX.

1661166, 11611. 16, 11. 213.
.......... 1166. 16, 1. 125.

16161631666. 866 116161631666.
1666616666111.

’ Telesphorus, pope, 1, 61, 466.

Tellyng, 1116, 6.·166.

Tellyng.Wm.‚L 163. ,

Templum, 1. 37, 42, 33, 106, 231, 504.

1661116, John 16,1. 261.

16611661,1116.,1. 137.

Terry, 1161686661. 168.

1661661, Hugh, 1. 123 3 11. 153, 333.

1661666,1.1,6,661,666,16ο,461; n. 166.

........, 1616661 61, 1. 450, 451.

.......... mill, 1. 450.

.......... grange 61116 61161 61 1116366661
61, 11. 183.

Tethyngedone. See 'l'hethyngedone⁸

161166 monasterium (Tetbury), 1. 282, 283.

1611116611, 1. 113. ’

161666, Adam, 1. 116166.

........, my, 1. 127.

.......... John, 11. 350.

........., 1161, 1. 130.

1661116,.1611666,1.130. ,

1166616666, Hugh 16, 1. 133·ι 11. 153, 240.

16766611, Η. 16, canon 61 86161666, 11. 18.

1166166, river, 1. 34, 53, 373, 285, 471 3
11. 402. ’

11666, 1163166111 1611166666 61 11616166-
bury, 11. 153. 866 6166 1166668.

1116661, John le, 1. 162.

· 1166661661. 866166616661.

1161661116. 16, 11. 333, 333.

1166616661, 116161 16, 1. 133.

11616163166666161611661666 (1611 ·
mammffifflfflfflw

1161616661161. 16, 1. 152.

11661666, 6661116166 61 0661661666, 1.
666, 666.

11661661, 116166 61 166166, witness, 1.
306.

11661616, 16666666, 1. 328.

11661 (1661611617 1), 1. 335.

1166166161, John de, n. 14. ’

1166616661, 116166, witness, 1. 303.

1116661161, 8., 6666116666, 1. 431.

1161616611, 61161, 66 witness, 1. 237.

 

