m

IinIfrige, thane, 1. 912.

8111101113, 11110110ςί0 [80111101], 1. 316.
81111110, 1. 296.

8111011111. 300.

8101101111, 1. 287.

8111111110, 1. 299.

8111111111, 1. 802.
mwwmwwm
Emvnldus, 1. 287.

8011011111, 1. 51, 464.

.......... Qnmm.
8101001111. 8011800010.
81111111,111011011,1.900. ι

81110, J 010111 001,1. 137.

811111, 011110, 1. 297.

8001000οη0, Adam 00,1. 398.
1110110111111311111101111. 50, 468.
811111Ιο1311, 1. 287. ,
80811011 (81011111), king, 1. 52, 465.
8010010111110, 1. 297, 299.

οψωψωηωωωωω1

mmm

ηψπ.
8011111, thane, 1. 299.

8001101180111,1. 14; 11. 95-9.

maed (8111100),0111311101 01 8011110 1110

811101, 1. 54, 467.
1113111111. 1, 11, 111, 011, 410.

8011011311 (chmel 000 81100100), 1. 50,

4031 Π. 404.
8011111110011011111100 1. 172.
1110011, 1. 186, 188.
80110, wife oi, 11. 857.
8011011, Nic, 1. 188 ; 11. 200.
8011111180, 11. 274, 275.

8011010 1.,111111 01 81111111, 1. 8, 4, 84,
⁵mmmmfflfflwffim
mmmmmmmm
mnmmwmmm

mmmm

.......... campaigns of, 11. 862-8, 390-1,418.
.......... 11111001, 11. 804, 909, 381, 386,

...40.3.,1111111110110 01, 11. 400-1.
.......... 1111110101, 1. 65, 119, 207.

.......... mita 01, 1. 257, 281, 477 3 11. 881,

οΗΜΜ
8011110 11, 11. 405, 407, 416, 417.

INDEX.

8011110, 01101111, 1. 327-9; 11. 357.

8011110, 1011110111 1110011 01, 1. 148.

8011110, 80111, 1. 184.

80111110, king. 8008101111.

80111, 101111, 1. 144.

80111, king, 1. 5, 56, 311, 812, 819, 815,
323, 469.

ligati, 11111010, 1. 138.

81101010. See 0011101.

8110111011 snper Sabrinam, 1. 965.

811000 (80000), daughter 01 8011110 the
81001, 1. 54, 467.

81111, minister 101110, 1. 928.

81011011, daughter 01 8011110 1101111101, 1.
54, 467.

81011101, queen 01801111 111, 1. 835.

810011101110, pope, 1. 51, 463.

810100, wife 01 king 8011110 1110 81001,
1., 816.

811111, 111110, 319.

81111010, 1. 803.

811101οε111ῆο, 1. 814.

811100 8000111·οᾱ 1110 Aelii-ed.

811110, thane, 1. 319.

81111011, thane, 1. 307.

8111101 (811010),1. 57, 471.

8111111, 11. 145.

810101111ςο, 11. 110.

8110001110,1. 294.

81101110, 1. 314.

8111110010ᾱο, 1. 294.

8111101111. See 8011110101.

8111101111110, 1. 319.

8111111110, 011001, 1. 328.

811,111011011110 01, 1. 52, 464.

.........,8.11101101101,1.37.

81110, decanus, 1. 459.

’ 8110, John, 1. 187.

......,,Τ1100.,1.140.

.......... 11111, 1. 144.
81111110,11110 01 (11111110, 1. 58, 472.
8100101011, 11. 109, 110.

81101010, 8011. 00,11. 846.

’ 8110101811011, Hugh 00, 1. 9, 458.

.........,......,Δο1111001101, 1. 451412.
........, ......, ’10111000 00, 1. 453.

8111111111, conquest 01, 1. 448.
.......... 0111011010 01 kingn 01, 1. 8, 50, 4131

 

