486

8112112122-2221.

.......... 4111122, 112122 of, 1. 288.

.......... 111122 of. 822 Δ1812121.

8Μω2ψωωμω

.......... (11221, 1. 16, 11. 188, 288. ·

mmmmmmmwww
fflmfflmmmmmm

812121222, 811212 82, 11. 187.

......,.., 1121. 82, 11, 186.

8112122, 1. 10.

8112122, charcha. 848, 856, 860, 864, 888 ς’
mma

8111221212, 1. 880.

81211212228222, 11. 168.

wmwmm

81211282, Heu. 82, 1. 148.

8112221112, 1. 52, 484.

........., 2211 21, 1. 57, 471.

812182221. 22, 28 ; n. 267, 272.

8121822211. 122.

Sicily, 1. 488.

8111211211, (12211122 821 18,14; 11. 71-78,
84, 888, 882.

.......... Roget 112 son, 1. 14, 84, 86.

81321121, 82112, 1. 287.

silvester, 1. 146.

Silvius, father 21812121, 1. 50, 468.

8122122 212121. See 8112122.

811211, John, 11. 87, 88.

8111211, 81211182, 1. 271 11. 840.

slad’ 221211. 87.

81282, 12, 1. 814.

8181221222, John 82, 11. 808.

8121211218, 5212 82, 1. 125, 187 2 11. 881.

.......... 112121 82, 1. 180.

81221112, 8112212, 1. 168.

8123212, 1. 814.

8221211221, 1. 818.

8218212282, 12, 11. 110.

8221222212, 11. 144.

8221211222, 12, 1. 814.

8221212228, 11211182 82, 1. 186.

8221181222, 11. 821.

8221122282, 11. 821.

812211, 8121118, 11. 257.

8221122821, 11. 408.

8221, Felicia, 1. 188 ; 11. 200.

..ιι.ιιιι,Η811.16,111140518200.

INDEX.

81121-22111.

........., 882211. 808. ·

mmmmwm.

82821,Η22., 1. 162.

8282221, Walter, 1. 160.

82122212, John 82, 1. 882.

8211211218, 1. 5, 246, 248, 275, 278, 818,
mmmmwfflmmm
885, 484. “

.......... granta 12 112 21122 121. 278, 828.

.........,211111212 2212122, 1. 246, 2482 u.
mmmm

.......... 122812818121, 1. 275.

.......... 122121 of, 11. 874

8221211218, Alexander 82, 1. Ι275.

....ι...., Jordan 82, 1. 275.

.......... Miles 82, 11. 888.

.......... 8211211 62, 11. 401.

822211218 11222112, 1. 804, 805.

8221211218 1112222, 1. 4.

8221211218 18228211, 1. 276 1 11. 245, 282,
868, 874.

................ mmmmm

822212212112, 1. 51, 464.

8228211228, 1. 154.

8211812121. 815.

82221, 11111211121. 117.

822222,11112122112,1. 170.

8221111112, Wm. 1121. 28 ; 11. 288.

821221, 1112. 82, 1. 401.

8212212112. See 812121222.

82112122,11.1ο,2.22. .

82122112, Wm. 112, 5221122 12 2712, 11. 54.

8211282222. See 8282811222.

8211221222, Thon. 112, 11. 248.

8211222, 81122 82, 1. 182.

’ 8211222, (1281112282, 1. 174.

82111212, John, 1. 180.
82211, Η22., 1. 144.

, ......... ,81111121,1.144,180,

8228122122, 1. 50, 410, 468.

8221112212221112, 1. 51, 464.

82211112212, 1. 152.

8222, Hugh, 275.

8221122122, 1812, 11. 880.

82221221, 21 8221212112, 1. 164, 823, 856,
856, 864, 888.

8221212112, 11. 256.

 

