M

11111111, 11, 11. 374-5.
1111111111, 11, 11. 343·3.

1111111111, pope, 1. 6, 10, 316, 343, 343,
353, 353, 355, 359, 334, 377, 333, 333,

mmmmm ¹
.......... 11111111, 1. 343, 377.
Ι11110011111ΠῙ., 1. 376, 377, 4031 11. 7.
.......... 11111111, 1. 373-7.
1111111117.,1. 410, 411; 11. 338.
.......... 1111111 11, 1. 4103 11. 333.
Insula, Briau (11, 1. 33.

.......... 11111111] de, 1. 443.
.......... 11111111] 111, 11. 357.
.......... 1111111 (11, 1. 335.

mwmfflmmmmm

333.
11111111, 11111111 11, 1. 355.
.......... 1111111131,1111“1111,1111111111,1.353.
.......... 1111111111 11, 1. 333.
111111111, - 11. 364.
lueys, 1111111, John 11, 1. 134.
.......... 1113111111 11, 1. 133.
......,11131111,1. 154.
.......... Simulo, 1. 131.
1111113111, Agnes 11, 1. 140, 133, 300,
331.
fflwffiwmmwmmu
.......... Elen his 11111, 133, 300, 331.
111111311, 11131111, 1. 133, 133.
1111113111111131, 11. 313, 303.
11111111, quesn 11 3131113111 11 King
,1111111111 11. 81.
.......... 11111111 11, 1. 130.
.......... 11111111 11 1111111111, 1. 133.
......,..,111(1111,1.133,130, 133.
11111331. See 1111111331.
11111113111131. 354; 11. 4.
1111, John, 1. 130, 133.

Q

mmmmuwmmwu
m-

mnux,

3111111-1111. ,
.......... Alios his 11111, 1. 13, 30, 11. 131,
...1.8.,5..,1111., 1. 15 ς 11. 113, 113, 130, 333.

.......... Iudith his 11111, 11. 113, 130, 333.

......,111311111,1.111,111.

.......... John his 1111, 1. 431.

.......... Wm. son 11 1111, 11. 111. See
1111Ρ11111,111.

11111, Η111.11,1.160.

1111, 11. ds (111111111111),1. 33,

J atton. Seu 111111.

1111111, Τ1111.,1. 133.

3111111,Τ1111, 11, 1. 130,137.

311111 Christ, birth 11, 1. 51, 463.

.......... 111111 11, 1. 55, 468.

31111111. See Ysttou.

5111111111. 11,1. 173.

311111, 111111. 11, 1. 174.

111111, 111311 11, 1. 170.

1111111, Wm. 11, 1. 143.

111111, statutus 11,1. 333, 506.

Jews, 1111111111 11 1111 1111111, 11. 31.

11111,Ι daughter 11 Hsnry 11., 1. 433.

John, 11113 11 1111311111, 1. 6, 3, 45, 53, 33,
333, 333, 340, 373, 333, 4113, 403, 433,
mmmmmmmum
433.

.......... 311111 1131. 333, 333, 340, 431.

11111,111111111, 11 witness, 1. 337, 400. Α

John, dispensator, witness, 11. 30.

John, domiuus, 1. 133.

John, pope, 1. 305.

11111, 1113111111, 1. 144,

5111111, 31111111, 1, 375.

11111111, daughter 11 01111111 the Β1111,1.

’- um

1111, 1111111, 1. 130.
......,.., 1111, 1. 180.
1111111, subregulus, 1. 303.
1111111111, 11111111), 1, 311.

 

