, 484

8011911011, 1. 965, 888, 400, 409, 419, 496 ;
mmmm
.......... documenta 00100, 1. 966, 866, 460,
4000001 Ι
.......... 6101100010 01, 1. 61, 967, 661, 686,
886, 406, 407, 464 ; 11. 81.
.....;...,610600001.
.......... 11. 610600 01, 1. 667.
.......... 1ωο01100 00 801101, 610600 01
(lm-11⁸⁴), 1. 870-1, 879, 881.
· .........,000000008000,61060001(1678-
mmmm
......,,111011000 10010, 61060001 (1917-
1996), 1. 6, 7, 9, 67, 964, 888, 890,
891, 899, 898, 894, 895, 898, 401, 404,
406, 406, 408, 410, 4490 11. 94, 68, 66, 81.
.......... 11061. 11]]10110010100, 610600 01
mmmmmwz
.......... 11061. 1100111, ,610600 01 (1666-
lwmmm
.......... Rfflmmoemmm
1. 899, 888, 886, 409.
⁸ .......... Simon 80001, 61000001 (1997-
mmm
......, 1101101· 00 10 11010, 6101100 01
(1968-1970), 1. 7, 416, 418, 490.
.......... 1101100, 610600 01, 11. 76.
.......... william 00 Comere, 610600 01
- (1968-1991), 11. 666.
.......... 610600 000 chapter 01, 1. 678;
11. 61.
“ .......... 000000010
.......... Magnus, 00000 01, 1. 446.-
.......... aoht. 00 muham, 00000 01,
1. 698.
.......... Lucan, canon 01, 1. 896. '
.......... 1110. 00 1100100, 00000 01, 1. 898.
.......... O. 00 mildenhale, 00000 01, 1. 496;
11. 76. .
.......... 11. 00 10 11010, canon 01, 1. 496.
.......... 11. 00 8100000010ηο, canon 01,
11. 16

.......... ’1110000υο000οο 01, 11. 18.
......... 0016011001, 11. 496.

’ .......... Hugh 00 001101, 0600001100 01,
1. 898.

’ ...... 4 ο4311061. 00 Ηο011000, 0600001100 01,
1. .

INDEX.

Salisbury-em

.......... 0000 000 chapter 01, 1. 7, 967,
mmmmmem
419, 498, 494, 4990 11. 66.

......,,1100 00 60001000, precentor 01,
1. 401.

.......... 1101. 00 110000, precentor 000
0000 01, 1. 668, 461. ,

.......... Abraham 00 1110100, 00000101 01,
1. 967, 899, 894, 898, 401, 406.

.......... 11000οη 01, 1. 966.

801106000,11“1111001 00 1011000000, 0001 01,
1. 86, 841, 481.

80660000, 1. 614.

80101000, 0 1001100, 1. 468, 461.

80101, 1110, 1. 119.

80001000, 11. 469.

80010000, 110ογ, 0160001, 1. 144.

.......... Thou„ 06001010, 1. 441.

8000110000, 11. 900.

80000060060110, 11. 469.

80000, Alica, 1. 196.

80000100011011000011000100010060, 000100
01, 11. 949. ,

Saracena, 1. 55, 468.

Saracenas, John, 11. 144. .

........., 110011. 969.

80000000, John 10, 11. 89.
0011000, 1. 698.

80001, Thou. 0011. 91.

saunford, Ηο11100, 1010010 01 10000000 00,
1. 966, 961.

8000000, Geoffrey 10, 1001100, 11. 64.

80100, 9010001, 1. 649.

80101600, 610600, 1. 969, 986.

Say. 800 8000.

8001 y, 1. 199.

8001 Adam 00, 1. 174.

.......... (1001110 00, 1. 176.

.......... Hugh 00, 1. 178.
........., 1110. 00, 1. 156, 176.
8000101, (1000, 1. 178.

Say, sehay, orsay, 800. 10, 1. 949, 966,
9770 11. 997, 981·9, 986-9, 941-4, 890,
898.

.......... 1101100110, 11. 646.
8000110100000000, 11. 966.

 

