Mt

Byrthnode, dur, 1. 318, 319, 320.
Byrhtwold, minister, 1. 319.
Bysrop, Robt„ 1. 166, 174.

0

0616616, Walter, 1. 457.

........., ......,drugbterr 61, 1. 457.
Garamum. See 0666.

(ludebam, 11. 273.

0666,Ν61111611(11,1. 58, 332, 472.
......... nune 61, 11. 83.

016661, Ceius Julius, 1. 54, 463.
06116161. 866111111611616.

0611111666, 1. 50, 463.

0611166616, r. 13; 11. 11, 57, 65, 66.
.......... Ρ6161 de, 1. 176.

.......... 1161161116, 1. 119.

........, Wm. de, 1. 176.

0616616116, 11. 257.

......... 616161, 11. 257.

0616161606, 11. 402.

0111116, hundred 61, 1. 26; 11. 326.
0611116116, John de, 1. 121 t 11. 274-5.
.........,11611.36,1. 15ο; 11. 225, 236-9.
.......... 1161161116, 1. 130; 11. 107.
0616161166116, Hugh, 1. 12 ; 11. 35, 36, 38.
................. (1116161116 11116, 11. 30, 37.
Cernbridgeehire, 1. 52, 262, 464.
Camerarius, Hugh, 61 witness, 1. 460.
06111166, 1161111, witness, 11. 21.
Campania, Roger de, 11. 395.
0661161666, 0611111166, 1. 125.

.......... Wm. de, 137.

06611116, 61 0611111116, 06611161,11.104,

105, 106, 107,108.

......-..,Wm. de, 1. 15, 22; 11. 100, 105,

106, 107, 357.

......... , ......, 111161, 11611116, 11. 104, 107,
100.

0666616616, 1. 313.

0611611616, 11. 402.

0661611611, 1. 50, 55, 463, 469.

......... ,616111616111166 51, 434.

INDEX.

0161611611-66111.

.......... 1161116161161, 1. 7.

.......... 1111116116, 6161116161) 61, 1. 56, 57,
wmmmmmmst

.......... Aetnam, 6161111161) 61, 11. 317.

.......... 3.,61611161611 61, L 361.

.......... John Ρ6611116111,61611161611 61, 1.

2071 11. 303.

.......... 1161111666, 6161116161 61, 1. 326,
..θῗᾞ 1116. 6161111161) 61, 1. 410.

.......... 11161061116161611, 6161116161) 61,
12631611. Κ11611613611,611111116161161,

11. 333.
.......... Wlfhelm archbiehop 61, 1. 306,
wmm
........., 6111616161, 1. 428.
....., 06611161, 6161166666 ο1, 1. 277.
.......... prior 61 01116161111611,Ι 1. 238.
Cantor, Eusebius, 11. 395.
0611166111, 0116111611 king 61, 1. 300.
06111111, 1116,1. 129.
ornate, 1. 57, 53, 471, 472.
cenwlf, 1. 295.
0616061166, 0161116111, 1. 413.
........,11., 1. 129, 330.
.......... Reginrldns, 1. 152, 249, 2761 11.
”ww
.mfflffimmm
WMMQMQ
Ceruario, Wm. de, 1. 330.
.....,..., Mnlgerns 116 brother, 1. 330.
0611111616 eoming 16 1161161111, 11. 363.
cardinal, 11106111. 354.
......... 3611161111. 351.
Boro, 1. 354.
06116161, 1. 366.
Cinorus, 1. 363.
ngidius, 1. 363.
01616111, 1. 346, 353, 366.
(161, 1. 348.
......... 0161611, 1. 351, 352, 363, 356.
mmfflfflmmnwfflmffi
Henry, 1. 354.
(11116166, ι. 363.
(111616, 1. 341, 429.
......... Η61611, 1. 351, 354, 358.

 

