m

Weetemoste Ferthyndei, 11. 408.
0018000101100 11. 171.
1700131010, 0. 200.
770011Μο10110, 1. 188.
Westlangeeker, 11. 110.
Μώωω1

7701111000, 110110000001· 01 winchester,

11. 87.

7700101111, 1. 186, 207.

westminster, 1. 87, 58,’ 85, 88, 87, 88,
mmffimmmmm
000001

.......... 0011100001 01, 1. 288.

.......... 0000010010 dated 01, 1. 87, 257,

Μωωωωωωο

.ΜΜοοῌΜΜΜο
405.

.........,ebbey,1. 84. ’

Μῃωωω

.......... 00001000000

- 77001000, 1. 211 11. 158, 248-250.

.......... 000100, 11. 247, 249.

.......... (10011100 00, 11. 400.

7701111011. 8001100100οΨ.

7701001080, 01 7700001000, 11. 258, 880,

295, 297-8.
1701000000,1110.,01001)11000 01 Canter-
bury (1228-81), 1. 284.
7701100. 8001701100.
7701000000, 1. 84.
7700111000, Thomas de, 10011001. 252, 257 3
11, 888.
770101000010, 11. 108.
Weyte. SeeWnyte.
ngend, minister, 1. 821.
7700110, 11101, 1. 111.
770110001011. See Album nonasterium.
Whyteehurehe, 01101100 00, 1. 158.
770010010110, 11. 288.
7710011030, 1101ρο, merchant 01, 11. 88.
771οο1001, witness, 1. 205.
7710010111, John, 11. 408.
7710101000, minister, 1. 801.
7711101. 182.
7711110111οο, 1. 814.
wilgar, 00001, 1. 287. ,
7711111, 1. 281.
7711101000, Rnlph de, 11. 257.

INDEX.

77118001, king, 11. 884.
nmffmQffimffim
828, 472.

Ι ......... ,01001000 825, 888.

......,...11.,1 58, 880, 881, 882, 888, 888,
472.

.......... grente by, 1. 880, 888.

......,.., bishop, 1. 880.

.......... 0000001101, 0881, 888.

.........,“000100001001000101000,”0.82.

........., 0101011. 88.

.......... 0101001 01 110100 01 Ηο00111111000,

· 1. 12.

Ήωψο000οω0000
mmmm gy
.........‚ 0000010010 0010001, 1. 288111.
QQQQQQm
77111000, 77111. 00, 81111100 111 cyre, 11. 818.
7711100110, 1.·51, 252, 258, 258, 822, 884,

-mfflfflwnme

415, 417, 418, 422.

.......... οώοωηωωω,
11. 88, 857, 415.

.......... 0100000000 01, 1. 420, 424, 485,
11. 845.

.......... 11100010, 0100000000 01, 1. 887,
401, 441.

.......... 1710. 008. 100011 0001000, 01011-
demon oi, 1. 440.

.......... 1101ρο 00 1100000110, 0100000000
mmm

.......... 0100000000] 01, 11. 4204

.......... officie] 01, 11. 482.

7710150100, 1. 58, 288, 488.

· 7710οο001000, 001101 01, 1. 87. ·

.......... 11., 0111101 01, 11. 7.
winchester (771010010), 1. 12, 50, 58, 58,

· 54, 55, 56, 58, 52, 117, 284, 885, 888,

850, 856, 880, 865, 888, 411, 481, 465,
00000000
nn ,

.......... 111030οα000 01, 1. 52, 58, 54, 55,
ωωωωω

.......... documenta 00100, 1. 117, 284, 888,
481, 4771 11: 405.

.......... land belonging 10 100 0000] 10,
nmmmmwffl

.......... 000101, 0. 87.

1 nnn 11 0000000011 translated “ 7710000001 ” 01 p. 172

 

