494

1101010110, 1111110110, 1. 1561 11. 893.

.........,1111.10,1.158.

11010101100010110, 11 311.

11010101101110,11. 294, 997.

11010101011111011011. 144.

1101010111, n. 1001011100.

1101001110, John, 11. 408.

.......... 1111101, 1. 138.

1101111010, John, 1. 176.

........., 11011, n. 118, 184, 225, 930.

1101101010. 3011101101.

11010101101114. ,

110οω111111, 11. 97.

1101011111,31110110,1. 144.

1101οη110, u. 394. ·

1101100010, sir 1110. 10, 1. 11 ; 11. 91, 25.

.......... 11110110, 11. 95.

1101100010. 3100011001.

11011οα0110το, 1. 814.

1101οη11010 01 1101111101οο0, 110110,
1001100 in eyre, 11. 108, 114,113,120,
101, 100, 011.

11011011, 11011), 1. 179.

.........,1011,1.170.

11011101, John, 1. 140.

110101110010110, 1. 313.

11011110, Heu„ 1. 174, 11. 100.

1101111110, 1. 951.

1100101001,100111101110101,1. 342. ¹

1101000101 (1113011110), 1. 50, 334, 3351
11. 869. ·

.......... 1000110110 1010101, 1. 50, 334.

.......... 1010100 01, 1. 370, 371374, 881.

.......... John Paghnm, 1111100 01 (1151),
1. 381. ³

.......... 1010111100 01 (1163-1179) 1.
432;11.15,16.

.......... Ηο1. 10 301111, 110100 01 (1192-
1100),11.11.

.......... 1111. 10 111010, 110100 01 (1218·
1205), 1. 37.

.......... 10310101 01, 1. 973. ,

110100010101110, 1. 52, 434.

.......... 0011011. 57, 471.

110110, Roget 10, 1 893.

’ 11011011 (wdetun, 11011010), 14, 5,19,

939, 990, 894, 309, ³10, 311, 319, 356,

360, 364, 383, 417. ·

INDEX.

'Wotton-oout.

.......... granu 01, 10 110 01101, 1. 288,
’ 994, 309, 393.

, .......... 111100 in, 1. 417.

1101101, 11.,10010101, 11. 31.

1101101 path, 1. 12 , 11. 52. ,

11011010,(1011010010,1.19; 11. 187, 193,
199, 409-14.

.......... Agnes. 111 wife, 11. 101, 100, 100,

.......... 1110110111 101 son, 11. 413.

.......... 1111. 10, 11 352-3, 359, 861.

1100101101814. ·“

1101010110, 10, 11. 145.

11110, 1. 436.

1111011, 11. 70.

1110011110, 11111110,1. 158.

11101010, John, 1. 160.

11131110, 0111110001. 443.

11101, 1111001. 17 3 11 147.

.........,1110.10,1. 184, 371.

.........,11.10.,1. 193,199,139.

......... ,11011001 01 (1011111. 8, 436, n.
147.

.......... Thou„ 1. 171 11. 147, 3511370.

.......... 1111, 1. 184, 371.

11101001010, 1. 138.

1110100111, 01 1100100110, sir 1101000
10, 11. 88.

........., sir Geoffrey 10, 110 0011, 1. 14,
100, 001, 11. 01, 00, 040, 044, 010.

........., 1110. 10, 11. 336.

........,81110110,11.145.

1111100111, 11. 134.

11113. 30011103.

1111130111, 1. 138.

11111010, 11010110, 1. 961.

1111110100, 1111, 1. 178.

wulfsig, 111101, 11. 816.

1111011, 11001. 1. 113.

1111011, 1. 277.

.......... 001 01 110101, 1. 258.

.......... 1111111, 11. 844.

1110110, 5011111. 170.

11101010111110, 11. 491.

11101011010, Heu. de, 1101100, 1. 449.

1110100110, Wm. 10, 1. 174.

1100111110, John 10, 1. 216.

 

