482 .

1133333133. See 1133333133.
fflffiwmmmo
Reymund, 113131, 11. 133.
1131331, Ρ11., 1. 23; n. 332, 334.

.......... christino, 1. 23, 334.
113333133 (1131331113), 11. 363.

11133313 1., 111111 31 11311333, 1. 3, 45, 33,
mmwffl.

.......... 3113131331, 1. 335, 336, 337.

11133313, presbyter, 11. 33.

11133313, 1. 323.

11133313, 3113111313, 1. 444.

11133313, 1133113181. Paul’s, 1. 132.

11133313, brother 3111133131 John, 1. 127.

11133313, 1131133131 31133 king, 1. 277.

1113113111,3133131,1113 school, 1. 123, 132.’

1113113, 3111131131, 1113, 3113111313, 11. 130,
173. ’

1113331, 1113, 1. 121.

111333133313113, 11. 321.

111113131113. 13,1. 134.

11131333, John, 11. 103.

1111131333, 1113, 11. 103, 110.

1113331311. 132, 204.

1111331133, 1. 328. ·

1133311113 31 1133331133, 3311, 1. 323, 327.

11331133, (1113311 33, 11. 253.

1133333131, 3133311113 31, 1. 31, 434.

.......... 1133113131 33 83333133, 31311311 31
mmmm&

1133331113,111113 (1133333133), 1. 3, 4, 5,
ηωωωπωωωηως
33ω33ω33ω.

.......... 113313 13 133 33331 13, 1. 21, 283,
wfflfflwwmu

.......... military 3311133, 1. 243.
.......... 3331131 13, 1. 411.

......... mmmmm
113333313331331,1. 233, 291.
1133311313 (Roodbrugge), 11. 111.

’ 1133333333, John de, monk, 11. 419.
1133311133, John, 1. 134.

Rodemarleghe, Walter 33, 133131 31331131-
. 1333,11. 249.

11331, 311131131011113113313, 1. 122.
......... , (13333113 13, 1. 122.

11111311.

noer-'cono

.......... Thou„ 333 3111111133 13, 1. 183
mmmmmmmm,
370.

113113, Salomon 33, justice 13 eyn, n.
332-3. ⁸

1131331333, 11. 3, 3, 10.

11313311111131313, 11. 37.

113133333111313, 11. 14, 332.

......... ,1331313101333311 3. 32.

1131133133,31133,1.123, 132. Α

11311, Agnes, widow 3111311331. 192,
133.

.......... J 311333, 1. 136.
.......... 1131, 1. 136.

1131133113113, 11. 252-3.
1131133, 1133311, 1. 172.

11331331. See 11313331.

1131331. 50, 51, 53, 34, 363, 373, 373, 330,
401, 416, 433, 463, 437.

···. ....... documento dated 31, 1. 333, 375,
373, 330, 401, 413.

.......... court 31, 11. 362.

.......... St. 1313133331, 1. 306.

.......... English school 31, 1. 303.

......... ,13131333333133313 33133 31, 1.
353, 336, 377, 373, 333.

1131111313113133, 11. 402.

Ros, 1131131133 (133 1311311. 33.
11333181311113311. 103, 110.
113331, 1113, 1. 172.

Romal. See 1133331.

1133333333, 1. 126.

1131113133 (1111333133), 11. 333.
1133333, 11331. 3311. 233.
11333333, 11. 271.

· 11333333, Nic. 33 la 111133, 1313 31, 1. 22 ;

11. 271.

¹ 113333, 31311311 31, 1. 323.

1133131331, 11. 200.
3331333331, 13 113333, 11. 422.
11333, John 13, 1. 15, 321 11. 102, 253-4.

...... Sir Roget le, 11. 243, 343.
........., 11133. 13, 1. 231.

1131133333, 11. 110.
11313331131311. 233. ’

 

