464

Kybus, sybilla, 1. 122.

Kylpee. 811Κ1111111.

Kym, thme, 1. 298.

nymeswyke, 11 Kynneswyke, 11. 294,
111, 111-1. ¹

1111111111111111, 1. 292.

1111111111. 1243 11. 396.

1111111111, 1. 305.

11111111111111111, 1. 291.

1111111119711. de, 31111, 1. 450.

1111111111, 1, 302.

1111111111, Walter, 11. 212.

1111111117, king, 1. 4, 281.

Κγ111111, 1. 302.

Kyng. 31111111.

Kyngberve, 11. 251-3.

’ 111111111111111111. 136.

Kyngborewe, 11. 806, 313.

Kyngeslonde, 11. 144, 273, 338.

11111111, 11. 220, 242.

Kynsm, 1. 301.

1111111111, John de, 11. 404.

hook, 1. 298.
hook, 11111. 11 Sweyn de, 1. 13, 22, 121 ;
11. 178, 174, 175, 176, 251-2, 851, 858.
1111111, his wife, 1.13,22;

Luey, Heu. 11, 1111 11 14111111, 1. 246.

1205, Lovelote, 1. 132.

Lahangher. Submihangel.

1111111111411.

1111111. 20.

141111,1711.1111, 1. 142.

1441111. 81111111.

111111 (11 111111), ι. 11, 411.

1111111111, 1. 125, 444.

111114131111111111111311, 1. 9, 11111,
mmmmmmmmm
66.

INDEX.

Lamihangel-oont.

.......... 11111111, 1. 138, 412.

111111141111111111, 1. 85.

bandone, 11. 212.

Iane, 11, 1. 436.

1411181111 11 11,1. 143.

.......... Wm. 1111, 1. 156.

11111111, 1111511111 os Canterbury, 1.
828, 827.

Lnngeforlonge, 11. 109.

1111311111. 359, 331.

. 111111111111273-5.

hughehulle, 11. 257.
1111111111111111111111, 11. 364.

1411311181. ⁴³⁵3 11. 164, 348.

, 11. 40 .
1174115 1. 1117111, 111, 111, 111, 11. 7,

17, 62, 888.

lateran 0111111, 1. 111, 111, 114.

1111111111. 287, 294, 296.

Imham, 31111. 11,1. 250.

11111111111111, 11. 33.

1111111111Ρ111111, 1. 261.

.......... 1111111111, 1. 393.

Lm, king, 1. 11, 411.

1111111111, 11. 96.

1111111141, 141, 411411, 11. 111.

.......... tithan in, 1. 412.

Im, Pain 11 11, 11. 339.

Lea, Rio. de la, 1. 11, 141, 141, 141, 111,
111,111; 1111, 11141, 141-4, 111,
846.

.........,1111.Ρ111111111,11. 348, 355, 403.

1111101111 213111111111, 1. 17 ; 11. 140,
111, 111, 114.

....... Bobt. 11 la, 1. 17,128, 133, 245,
247, 248, 250, 2781 11. 22⁷, 281-2, 285,
11141, 141-4, 141.

lega (11 Lm), 11. 339.

1113111, papa, 11. 361.
2117111113, 11. 200.

Iaeggeba, 11. 392.
1411111111, document 11111, 1. 834.

.......... 11111111, 111111, 1. 335.
.........,1111111111111 of, 11. 31, 37.
11111111111111, 1. 50, 52, 463, 484.
Ian, 3252an 111111. See Viciu.
1aeofric, abbot, 1. 313.

 

